
--caso 1

[1 0 1; 0 0 1]
[1 0 0 0 0 0; 0 1 0 0 0 0]


--caso 1

[1 0 1; 0 0 1]
[1 0 0 0 0 0; 0 1 0 0 0 0 ; 1 0 0 0 0 0]

[1 0 0 0 0 0]


--- caso 2.5 no hay errores

[0 0 0; 0 0 1 ; 0 1 0 ; 0 1 1 ; 1 0 0; 1 0 1; 1 1 0 ; 1 1 1]

[0 0 0 0 0 0]

--- caso 2.7 el mismo error 

[0 0 0; 0 0 1 ; 0 1 0 ; 0 1 1 ; 1 0 0; 1 0 1; 1 1 0 ; 1 1 1]

[0 0 1 0 0 0]

--- caso 3

[0 0 0; 0 0 1 ; 0 1 0 ; 0 1 1 ; 1 0 0; 1 0 1; 1 1 0 ; 1 1 1]

[0 0 0 0 0 0; 0 1 0 0 0 0;   0 0 1 0 0 0;   0 0 0 1 0 0;  0 0 0 0 1 0;  0 0 0 0 0 1;  0 0 0 0 1 0;  0 0 0 1 0 0]

